Example 2                                                                       
    0
 2   23000001000000000000  150    0.7500    2.0000
   1.50 1.00 0.90 0.25    6    6    0    0    0    0
 3   0000000000000000000000000000000000000000000000000000000
 4   2222222222222222222222222222222222222222222222222222222
 5      10   10    3    3    5    7    9
 1     0.000001  1.000000  1.000000
 2   0300000100000000000   300    0.7500    2.0000
   1.60 1.00 0.90 0.25    6    6    0    0    0    0
 3   0000000000000000000000000000000000000000000000000000000
 4   2222222222222222222222222222222222222222222222222222222
 5      10   10    3    3    5    7    9
 1     0.000001  1.000000  1.000000
 2   02000001000000000000  100    0.7500    2.0000
   1.70 1.00 0.65 0.25    6    6    0    0    0    0
 3   0000000000000000000000000000000000000000000000000000000
 4   2222222222222222222222222222222222222222222222222222222
 5      10   10    3    3    5    7    9
 1     0.000001  1.000000  1.000000
 2   01000001000000000000   20    0.7500    2.0000
   1.75 1.00 1.00 0.25    6    6    0    0    0    0
 3   0000000000000000000000000000000000000000000000000000000
 4   2222222222222222222222222222222222222222222222222222222
 5      10   10    3    3    7   11   15
 1     0.000001  1.000000  1.000000
 2   01111001000000000000   80    0.7500    2.0000
   1.75 1.00 0.40 0.25    6    6    0    0    0    0
 3   0000000000000000000000000000000000000000000000000000000
 4   2222222222222222222222222222222222222222222222222222222
 5      10   10    3    3    7   11   15
 0     0.000001  1.000000  1.000000
    0
