DC304_v3                                                                   
    0
 2   23111011002001000001  500    0.7000   -3.0000    0.0000
   1.60 1.00 0.90 0.25    6    6    0    0    0    0
 3   0000000000000000000000000000000000000000000000000000000
 4   3333333333333333333333333333333333333333333333333333333
 5      10   10    3    3    5    7    9
 1     0.000000  1.000000  1.000000
   50
 10000000.    0  0.030000    0    5
    3    3
  0.375000  0.010000  0.100000  0.000000
  1.125000  0.010000  0.100000  0.000000
  1.875000  0.010000  0.100000  0.000000
  0.375000  0.010000  0.100000  0.000000
  1.125000  0.010000  0.100000  0.000000
  1.875000  0.010000  0.100000  0.000000
 2   02111011001001000001 1500    0.7000   -3.0000    0.0000
   1.65 1.00 0.80 0.25    6    6    6    6   11   11
 3   0000000000000000000000000000000000000000000000000000000
 4   3333333333333333333333333333333333333333333333333333333
 5      10   10    3    3    5    7    9
 1     0.000000  1.000000  1.000000
   10
 10000000.    0  0.030000    0    5
    3    3
  0.375000  0.010000  0.100000  0.000000
  1.125000  0.010000  0.100000  0.000000
  1.875000  0.010000  0.100000  0.000000
  0.375000  0.010000  0.100000  0.000000
  1.125000  0.010000  0.100000  0.000000
  1.875000  0.010000  0.100000  0.000000
 2   01111011001001000001 2500    0.7000   -3.0000    0.0000
   1.70 1.00 0.70 0.25   16   16    6    6   25   25
 3   0000000000000000000000000000000000000000000000000000000
 4   3333333333333333333333333333333333333333333333333333333
 5      10   10    3    3    7   11   15
 0     0.000000  1.000000  1.000000
   10
 10000000.    0  0.030000    0    5
    3    3
  0.375000  0.010000  0.100000  0.000000
  1.125000  0.010000  0.100000  0.000000
  1.875000  0.010000  0.100000  0.000000
  0.375000  0.010000  0.100000  0.000000
  1.125000  0.010000  0.100000  0.000000
  1.875000  0.010000  0.100000  0.000000
    0