SAAB                                                                   
   0
 2   23111011002001000001  500    0.3300    0.0000    0.0000
   1.60 1.00 0.90 0.25    6    6    0    0    0    0
 3   0000000000000000000000000000000000000000000000000000000
 4   3333333333333333333333333333333333333333333333333333333
 5      10   10    3    3    5    7    9
 1     0.000000  1.000000  1.000000
   50
 12000000.    0  0.030000    0    5
    3    3
  0.373780  0.010000  0.100000  0.000000
  1.148220  0.010000  0.100000  0.000000
  3.500600  0.010000  0.100000  0.000000
  1.148220  0.010000  0.100000  0.000000
  0.796368  0.010000  0.100000  0.000000
  3.500600  0.010000  0.100000  0.000000
 2   02111011001001000001 1500    0.3300    0.0000    0.0000
   1.65 1.00 0.80 0.25    6    6    6    6   11   11
 3   0000000000000000000000000000000000000000000000000000000
 4   3333333333333333333333333333333333333333333333333333333
 5      10   10    3    3    5    7    9
 1     0.000000  1.000000  1.000000
   10
 12000000.    0  0.030000    0    5
    3    3
  0.373780  0.010000  0.100000  0.000000
  1.148220  0.010000  0.100000  0.000000
  3.500600  0.010000  0.100000  0.000000
  0.373780  0.010000  0.100000  0.000000
  1.148220  0.010000  0.100000  0.000000
  3.500600  0.010000  0.100000  0.000000
 2   01111011001001000001 3500    0.3300    0.0000    0.0000
   1.70 1.00 0.70 0.25   16   16    6    6   25   25
 3   0000000000000000000000000000000000000000000000000000000
 4   3333333333333333333333333333333333333333333333333333333
 5      10   10    3    3    7   11   15
 0     0.000000  1.000000  1.000000
   10
 12000000.    0  0.030000    0    5
    3    3
  0.373780  0.010000  0.100000  0.000000
  1.148220  0.010000  0.100000  0.000000
  3.500600  0.010000  0.100000  0.000000
  0.373780  0.010000  0.100000  0.000000
  1.148220  0.010000  0.100000  0.000000
  3.500600  0.010000  0.100000  0.000000
    0
