DC304_v29                                                                   
   20
  1.061128  0.003479
  1.162613  0.003432
  1.264099  0.003387
  1.365584  0.003342
  1.467069  0.003297
  1.568555  0.003252
  1.670040  0.003205
  1.771525  0.003157
  1.873011  0.003105
  1.974496  0.003052
  2.075982  0.002994
  2.177467  0.002935
  2.278952  0.002871
  2.380438  0.002804
  2.481923  0.002734
  2.583409  0.002661
  2.684894  0.002585
  2.786379  0.002506
  2.887865  0.002426
  2.989350  0.002344
 2   23111011002001000001  500    0.7000    0.0000    0.0000
   1.60 1.00 0.90 0.25    6    6    0    0    0    0
 3   0000000000000000000000000000000000000000000000000000000
 4   3333333333333333333333333333333333333333333333333333333
 5      10   10    3    3    5    7    9
 1     0.000000  1.000000  1.000000
   50
 10000000.    0  0.030000    0    5
    3    3
  0.510000  0.010000  0.100000  0.000000
  1.050371  0.010000  0.100000  0.000000
  2.978188  0.010000  0.100000  0.000000
  0.510000  0.010000  0.100000  0.000000
  1.050371  0.010000  0.100000  0.000000
  2.978188  0.010000  0.100000  0.000000
 2   02111011001001000001 1500    0.7000    0.0000    0.0000
   1.65 1.00 0.80 0.25    6    6    6    6   11   11
 3   0000000000000000000000000000000000000000000000000000000
 4   3333333333333333333333333333333333333333333333333333333
 5      10   10    3    3    5    7    9
 1     0.000000  1.000000  1.000000
   10
 10000000.    0  0.030000    0    5
    3    3
  0.510000  0.010000  0.100000  0.000000
  1.050371  0.010000  0.100000  0.000000
  2.978188  0.010000  0.100000  0.000000
  0.510000  0.010000  0.100000  0.000000
  1.050371  0.010000  0.100000  0.000000
  2.978188  0.010000  0.100000  0.000000
 2   01111011001001000001 2500    0.7000    0.0000    0.0000
   1.70 1.00 0.70 0.25   16   16    6    6   25   25
 3   0000000000000000000000000000000000000000000000000000000
 4   3333333333333333333333333333333333333333333333333333333
 5      10   10    3    3    7   11   15
 0     0.000000  1.000000  1.000000
   10
 10000000.    0  0.030000    0    5
    3    3
  0.510000  0.010000  0.100000  0.000000
  1.050371  0.010000  0.100000  0.000000
  2.978188  0.010000  0.100000  0.000000
  0.510000  0.010000  0.100000  0.000000
  1.050371  0.010000  0.100000  0.000000
  2.978188  0.010000  0.100000  0.000000
    0